466	592	20
0.8099029064178467	6.507181167602539	0.22190023958683014	0.7918810248374939	0.8754017949104309	0.7764216347672069	7	0.12448413391712931	3	0.09909423131566375	6	0.22418560087680817	0.7592467069625854	0.6109708547592163	-0.2263563871383667	-0.5692154765129089	0.7904154658317566	0.9478943943977356	-0.31549689173698425	0.04425041750073433
0.3357800245285034	6.453339099884033	-0.13762760162353516	0.7671520113945007	0.8376599550247192	0.7160410071139053	3	0.17269925053168378	7	0.11125974235441091	4	0.4547075033187866	0.883901059627533	-0.10936164110898972	0.009145648218691349	0.11814948916435242	0.9929537177085876	0.8905938863754272	-0.4525037109851837	0.04563961178064346
0.32346969842910767	6.501194953918457	0.043969105929136276	0.7808996438980103	0.8376504182815552	0.6598788763551416	3	0.18982674560248936	7	0.15029437804236903	4	0.34829315543174744	0.8805308938026428	0.32149213552474976	-0.1640273630619049	-0.2804260551929474	0.9457569718360901	0.9229230284690857	-0.38213419914245605	0.0467606857419014
0.6420814990997314	5.800133228302002	0.2855680584907532	0.7943080067634583	0.056952670216560364	0.6851426749500936	6	0.23896756841934583	7	0.07588975663056052	2	0.6147539615631104	-0.21123312413692474	0.7599067091941833	-0.7650058269500732	0.07478300482034683	0.6396666765213013	-0.191946879029274	-0.9745706915855408	-0.11562143266201019
0.0	6.244202613830566	0.5832098126411438	0.8493351340293884	0.026564335450530052	0.7006689104483166	6	0.24949850105997526	3	0.04983258849170822	7	-1.622570966475223e-09	0.5412276983261108	0.840876042842865	-0.9574490189552307	-0.07266506552696228	0.27930495142936707	0.21644791960716248	-0.8209424018859863	0.5283974409103394
0.0	5.70828914642334	0.7027925848960876	0.8518436551094055	0.06763509660959244	0.7285943302861316	3	0.14597652230395636	2	0.12542914740991204	6	0.0	-0.028132090345025063	0.9996042251586914	-0.8344209790229797	0.06422074884176254	0.5473732352256775	-0.0949573814868927	-0.9950873255729675	-0.028004970401525497
0.6552802324295044	4.476948261260986	0.37806785106658936	0.7909641265869141	0.15750031173229218	0.7911452271922436	2	0.11533174077791106	1	0.09352303202984535	14	0.6767431497573853	0.257265567779541	0.6898065805435181	-0.7219889760017395	0.04858358949422836	0.6901967525482178	0.14405058324337006	-0.9651186466217041	0.21862149238586426
0.0	4.003465175628662	0.5773341655731201	0.8380817770957947	0.1962539553642273	0.8637896718540421	1	0.06819619654529113	17	0.0680141316006668	14	5.063461649967849e-09	0.05526003614068031	0.9984719753265381	-0.9683035016059875	0.03172273933887482	-0.24775385856628418	-0.04679880663752556	-0.9973779916763306	0.05519948899745941
0.8552147150039673	4.191673278808594	0.37115153670310974	0.7767939567565918	0.17844118177890778	0.8177280388786599	14	0.12823534883367563	1	0.05403661228766454	2	0.8084344267845154	0.2697528302669525	0.5231322646141052	-0.5564592480659485	0.060660526156425476	0.8286575078964233	0.19179923832416534	-0.9610170125961304	0.19914650917053223
0.9875801205635071	6.445459842681885	0.187723308801651	0.7717179656028748	0.006579833570867777	0.978056934730217	7	0.02062716944300642	6	0.0013158958267764978	3	0.7323435544967651	0.3658895790576935	0.5742802023887634	-0.6406351327896118	0.0843912735581398	0.7631938457489014	0.23078042268753052	-0.926824152469635	0.2962051331996918
0.8099029064178467	6.507181167602539	0.22190023958683014	0.7845737934112549	0.002609438728541136	0.7764216347672069	7	0.12448413391712931	3	0.09909423131566375	6	0.22418560087680817	0.7592467069625854	0.6109708547592163	-0.9578609466552734	0.05615348741412163	0.2816898822784424	0.1795639544725418	-0.648375928401947	0.7398415207862854
0.0	6.4008097648620605	-0.7150778770446777	0.3067097067832947	0.11624344438314438	0.8480009180899013	3	0.0760572984268232	7	0.0759417834832755	11	1.7385632489208547e-08	0.492019385099411	-0.8705843091011047	0.853381872177124	0.45443299412727356	0.25540176033973694	0.5212851762771606	-0.7429413795471191	-0.4198807179927826
0.7230664491653442	5.839756965637207	-0.698411226272583	0.3306090533733368	0.18119807541370392	0.9068114721158154	7	0.05692588364388252	6	0.03626264424030209	3	0.3695265054702759	-0.3125669062137604	-0.8750726580619812	0.8289761543273926	0.536361038684845	0.15847820043563843	0.41981977224349976	-0.7839761972427368	0.4573100805282593
0.0	5.648773670196533	-0.7880312204360962	0.2759908437728882	0.16427744925022125	0.8034509112418561	3	0.10225401996744615	2	0.09429506879069777	11	5.2579807174879534e-08	-0.15281404554843903	-0.988254964351654	0.8516823053359985	0.523872971534729	-0.013943572528660297	0.5209962725639343	-0.8435338735580444	0.13043582439422607
0.891200840473175	2.2200071811676025	0.515482485294342	0.771072506904602	0.32824036478996277	0.9178054421291816	14	0.08219455787081845	15	0.0	0	0.7985866069793701	-0.035618606954813004	0.6008251905441284	-0.5978800654411316	0.06795068085193634	0.7987002730369568	-0.06927506625652313	-0.9970526695251465	0.03296884149312973
0.6400706768035889	4.470269680023193	-0.4463959038257599	0.7564452290534973	0.1547403335571289	0.6921957826807558	1	0.20215161974040022	2	0.10565259757884399	14	0.7496224641799927	0.11576647311449051	-0.6516627669334412	0.635667622089386	0.14834323525428772	0.7575756311416626	0.18437160551548004	-0.982136607170105	0.037612419575452805
0.8410259485244751	3.583646535873413	-0.4203045070171356	0.7406777143478394	0.22135671973228455	0.9360332176406082	14	0.06396678235939184	1	0.0	0	0.827377438545227	0.020703718066215515	-0.5612644553184509	0.5588687062263489	0.06891385465860367	0.8263877630233765	0.05578819662332535	-0.9974077343940735	0.04544711112976074
0.0	4.115314960479736	-0.6646125316619873	0.2154110223054886	0.2638212740421295	0.8986665887332252	1	0.08478670339696602	2	0.016546707869808743	14	-7.452594097401288e-09	0.22836697101593018	-0.9735751152038574	0.7497071623802185	0.5013377070426941	0.431971937417984	0.6163151860237122	-0.7666898965835571	-0.1798388659954071
0.8410259485244751	3.583646535873413	-0.4203045070171356	0.24976052343845367	0.33290186524391174	0.9360332176406082	14	0.06396678235939184	1	0.0	0	0.827377438545227	0.020703718066215515	-0.5612644553184509	0.4529898762702942	0.5661794543266296	0.6886516213417053	0.33203405141830444	-0.8240219354629517	0.4590655267238617
0.0	3.6140389442443848	-0.9640161395072937	0.19303856790065765	0.29436567425727844	0.8080358180092162	1	0.0962931252984932	14	0.09567105669229063	17	-1.584186115621833e-08	0.022258782759308815	-0.9997522234916687	0.8018278479576111	0.5964111089706421	-0.03695876896381378	0.5961930751800537	-0.8026421666145325	-0.01787027344107628
0.47013819217681885	0.5052115321159363	-0.48258140683174133	0.10206279158592224	0.5161938667297363	1.0	15	0.0	0	0.0	0	-0.5421481728553772	0.23051069676876068	-0.8080471158027649	0.5853464603424072	0.7935326099395752	-0.16635991632938385	0.6028639674186707	-0.5631792545318604	-0.5651409029960632
0.8439814448356628	0.3134395480155945	-0.43072041869163513	0.11868982762098312	0.5436960458755493	0.5771878318123124	15	0.4228121681876876	16	0.0	0	0.7462660074234009	0.12117546796798706	-0.6545254588127136	0.5019282102584839	0.5434102416038513	0.6728843450546265	0.43721291422843933	-0.830675482749939	0.3447072207927704
0.4212188124656677	0.29068630933761597	-0.5408974885940552	0.08988525718450546	0.5277339220046997	0.5871471004278875	15	0.41285289957211246	16	0.0	0	-0.5920931696891785	0.023070156574249268	-0.8055391907691956	0.5903875231742859	0.6927884221076965	-0.4141097366809845	0.5485146641731262	-0.7207717895507812	-0.42381563782691956
0.0	4.003465175628662	0.5773341655731201	1.0865365496215418e-08	0.5626826286315918	0.8637896718540421	1	0.06819619654529113	17	0.0680141316006668	14	5.063461649967849e-09	0.05526003614068031	0.9984719753265381	-0.9453928470611572	-0.23364782333374023	-0.22724664211273193	0.2273678481578827	-0.9723210334777832	0.053812723606824875
0.2465100884437561	2.246770143508911	-0.3506544232368469	0.08505313098430634	0.6856616139411926	0.884614731865933	14	0.11488253961128675	15	0.0005027285227802642	1	-0.5724542140960693	-0.20061367750167847	-0.7950159311294556	0.8051306009292603	0.04589872807264328	-0.5913190245628357	0.15511690080165863	-0.9785946607589722	0.13524527847766876
0.0996648445725441	2.077563762664795	0.765328586101532	0.00215118913911283	0.7085485458374023	0.9906633039617911	14	0.009336696038208877	15	0.0	0	-0.6094772815704346	-0.16544868052005768	0.7753477096557617	-0.6391968727111816	-0.47600430250167847	-0.6040259599685669	0.46900415420532227	-0.8637399077415466	0.18435953557491302
0.8483123779296875	1.6317325830459595	-0.10914404690265656	0.744013786315918	0.3704220950603485	0.8367328256637019	15	0.16326717433629812	14	0.0	0	0.8627952933311462	0.009894545190036297	-0.5054565668106079	0.5038983821868896	0.06400508433580399	0.8613883852958679	0.04087483510375023	-0.9979006052017212	0.05023743957281113
0.2465100884437561	2.246770143508911	-0.3506544232368469	0.15860824286937714	0.3958629369735718	0.884614731865933	14	0.11488253961128675	15	0.0005027285227802642	1	-0.5724542140960693	-0.20061367750167847	-0.7950159311294556	0.5979070663452148	0.561355471611023	-0.572177529335022	0.5610731840133667	-0.8028910756111145	-0.2014019787311554
0.8439814448356628	0.3134395480155945	-0.43072041869163513	0.7239907383918762	0.46899059414863586	0.5771878318123124	15	0.4228121681876876	16	0.0	0	0.7462660074234009	0.12117546796798706	-0.6545254588127136	0.6394293308258057	0.14274908602237701	0.7554818391799927	0.18497878313064575	-0.9823132157325745	0.02904564142227173
0.9604331851005554	-0.01792764663696289	0.10475043952465057	0.7381135821342468	0.4958692789077759	0.9975696906172028	16	0.0024303093827972057	15	0.0	0	0.7848657369613647	-0.6155382394790649	-0.07140415906906128	0.10777882486581802	0.02212902531027794	0.9939286708831787	-0.6102209091186523	-0.7877963185310364	0.08371029794216156
0.8237462043762207	0.009357616305351257	-0.39767688512802124	0.7251803874969482	0.49221912026405334	0.7681830249055549	16	0.23181697509444507	15	0.0	0	0.5380524396896362	-0.6245194673538208	-0.56610506772995	0.550396203994751	-0.24835920333862305	0.7971084117889404	-0.6384071111679077	-0.7404682040214539	0.2101028561592102
0.4520891308784485	0.5105435848236084	0.26287680864334106	0.7792158722877502	0.45810073614120483	1.0	15	0.0	0	0.0	0	-0.6478646993637085	0.08792280405759811	0.7566643357276917	-0.760890781879425	-0.027375247329473495	-0.6483023166656494	-0.03628668561577797	-0.9957510828971863	0.08463510870933533
0.9073377251625061	0.32189249992370605	0.2955193519592285	0.7512932419776917	0.4710676372051239	0.9381882565627754	16	0.06181174343722466	15	0.0	0	0.7644402384757996	0.5925605297088623	0.25397470593452454	-0.31871506571769714	0.004913934040814638	0.9478378295898438	0.5604032874107361	-0.805510938167572	0.1926143765449524
0.7977789640426636	0.5150368213653564	0.1721562147140503	0.7537739276885986	0.45629259943962097	1.0	15	0.0	0	0.0	0	0.8109412789344788	0.29304778575897217	0.5064555406570435	-0.5470342040061951	0.07250218093395233	0.8339646458625793	0.2076723873615265	-0.9533449411392212	0.21910220384597778
0.47013819217681885	0.5052115321159363	-0.48258140683174133	0.10990346223115921	0.8142692446708679	1.0	15	0.0	0	0.0	0	-0.5421481728553772	0.23051069676876068	-0.8080471158027649	0.67786705493927	-0.44829487800598145	-0.5826902985572815	-0.4965597987174988	-0.8636530637741089	0.086786650121212
0.38556069135665894	0.2955152988433838	0.2969650626182556	0.05278279259800911	0.8370347023010254	0.9510424477997511	16	0.04895755220024888	15	0.0	0	-0.8872745633125305	0.36750805377960205	0.27871429920196533	-0.2926040589809418	0.018626082688570023	-0.9560522437095642	-0.3565482795238495	-0.9298338890075684	0.09100791066884995
0.4520891308784485	0.5105435848236084	0.26287680864334106	0.05360538512468338	0.8201856017112732	1.0	15	0.0	0	0.0	0	-0.6478646993637085	0.08792280405759811	0.7566643357276917	-0.7617484927177429	-0.07057509571313858	-0.6440175175666809	-0.003222167957574129	-0.9936240911483765	0.11269816756248474
0.7890177369117737	0.522373378276825	-0.3994775414466858	0.729788064956665	0.4534669518470764	1.0	15	0.0	0	0.0	0	0.733090341091156	0.2190237194299698	-0.6438999176025391	0.5978403091430664	0.2438938170671463	0.7636117935180664	0.32429227232933044	-0.9447457790374756	0.04785499721765518
0.613743007183075	5.083521842956543	-0.5503271222114563	0.29439616203308105	0.22646161913871765	0.8032339001551615	2	0.1051354225771617	7	0.09163067726767678	1	0.7010420560836792	-0.1877630203962326	-0.687957227230072	0.5451213121414185	0.7630708813667297	0.34722569584846497	0.4597639739513397	-0.6184399127960205	0.6372983455657959
0.0	5.227243423461914	-0.5649228692054749	0.2607688307762146	0.1927521973848343	0.8720786539463212	2	0.06521113097174196	3	0.06271021508193683	1	6.237227268002243e-08	-0.2889728248119354	-0.9573373198509216	0.8482469320297241	0.5098254680633545	-0.1433708369731903	0.5295320749282837	-0.8120995759963989	0.24513275921344757
0.613743007183075	5.083521842956543	-0.5503271222114563	0.7566314339637756	0.10795891284942627	0.8032339001551615	2	0.1051354225771617	7	0.09163067726767678	1	0.7010420560836792	-0.1877630203962326	-0.687957227230072	0.6808643937110901	-0.11062406748533249	0.7240069508552551	-0.2120463252067566	-0.9759648442268372	0.05028901249170303
0.6294806599617004	5.089869976043701	0.363514244556427	0.794957160949707	0.11110149323940277	0.9069333651430035	2	0.07389215766874786	6	0.01917447718824864	7	0.7943511605262756	-0.0009662808733992279	0.6074580550193787	-0.606016993522644	0.06759797036647797	0.7925741672515869	-0.04182878136634827	-0.9977121353149414	0.053110942244529724
0.0	5.327775478363037	0.6071192622184753	0.8458635807037354	0.0960705578327179	0.9258639452719772	2	0.07413605472802279	3	0.0	0	-1.0433386599117966e-08	-0.13720402121543884	0.9905428290367126	-0.9036890864372253	0.060617655515670776	0.4238768517971039	-0.12969467043876648	-0.982176661491394	-0.1360451877117157
1.1006606817245483	6.415419101715088	-0.4204815626144409	0.10998214781284332	0.9140952229499817	1.0	7	0.0	0	0.0	0	-0.20866923034191132	0.915244996547699	-0.34465041756629944	0.9485368728637695	0.27523183822631836	0.15660563111305237	0.23819124698638916	-0.2942348122596741	-0.9255759119987488
1.0673117637634277	6.5218305587768555	0.0531160868704319	0.11657730489969254	0.8778306245803833	0.9744745226805075	7	0.017203765729861677	8	0.008321711589630798	6	-0.28806570172309875	0.8543011546134949	0.43265193700790405	0.8507680296897888	0.43570080399513245	-0.29386821389198303	-0.439558744430542	0.28343307971954346	-0.8523225784301758
1.1965080499649048	6.446023464202881	-0.5901286602020264	0.11330137401819229	0.9270116686820984	0.9434058702317784	7	0.05659412976822167	8	0.0	0	-0.12156745791435242	0.7281728982925415	-0.6745262145996094	0.8834971785545349	0.3891066312789917	0.2608236074447632	0.4523872435092926	-0.5642342567443848	-0.6906413435935974
1.1006606817245483	6.415419101715088	-0.4204815626144409	0.3799706697463989	0.1607222855091095	1.0	7	0.0	0	0.0	0	-0.20866923034191132	0.915244996547699	-0.34465041756629944	0.7089778780937195	-0.1011771485209465	-0.6979352831840515	-0.6736524105072021	-0.38998711109161377	-0.6277757883071899
1.1965080499649048	6.446023464202881	-0.5901286602020264	0.3860500156879425	0.1615580916404724	0.9434058702317784	7	0.05659412976822167	8	0.0	0	-0.12156745791435242	0.7281728982925415	-0.6745262145996094	0.9887015223503113	0.14887578785419464	-0.017473924905061722	0.08769657462835312	-0.6690292954444885	-0.7380440831184387
1.1006606817245483	6.415419101715088	-0.4204815626144409	0.74187833070755	0.8941522836685181	1.0	7	0.0	0	0.0	0	-0.20866923034191132	0.915244996547699	-0.34465041756629944	-0.15548618137836456	0.3168788254261017	0.9356345534324646	0.9655471444129944	0.24882647395133972	0.07618508487939835
0.8908419609069824	6.539780139923096	-0.6524092555046082	0.7252116203308105	0.877064049243927	0.9064554358021195	7	0.09354456419788051	3	0.0	0	0.4023095369338989	0.6620601415634155	-0.6323158740997314	0.28088247776031494	0.5681043863296509	0.7735388875007629	0.8713507652282715	-0.4888085722923279	0.04259272292256355
2.2778642177581787	6.191103935241699	-0.4876643419265747	0.9479929208755493	0.357881635427475	1.0	8	0.0	0	0.0	0	0.19148148596286774	0.6149343848228455	-0.7649775743484497	0.15574663877487183	0.7504871487617493	0.6422710418701172	0.9690603613853455	-0.24212568998336792	0.04793041944503784
3.581979751586914	5.952197074890137	-0.01988408714532852	0.980320155620575	0.458084374666214	1.0	8	0.0	0	0.0	0	-0.027848973870277405	0.8931251764297485	0.4489453434944153	-0.025334397330880165	-0.44960588216781616	0.8928676247596741	0.9992910623550415	0.01349168736487627	0.03514784947037697
3.6348395347595215	5.9925336837768555	-0.4208585321903229	0.9497065544128418	0.4610191285610199	0.9732189733690354	8	0.026781026630964586	9	0.0	0	0.39237895607948303	0.6678996682167053	-0.6324151158332825	0.37505772709846497	0.5116206407546997	0.7730304598808289	0.8398633003234863	-0.5405129790306091	-0.04975173622369766
3.468324661254883	5.652229309082031	-0.36828678846359253	0.5012915134429932	0.30419254302978516	0.8884857258752636	9	0.11151427412473636	8	0.0	0	0.6987543702125549	-0.5421358346939087	0.4667237102985382	0.5917600393295288	0.8046416640281677	0.04870173707604408	-0.40194836258888245	0.24215790629386902	0.8830612897872925
4.0141282081604	5.762099742889404	-0.27214348316192627	0.5413596630096436	0.3193422555923462	1.0	9	0.0	0	0.0	0	0.5262550711631775	0.6361473202705383	-0.5642447471618652	0.6327537894248962	0.15031661093235016	0.7596232891082764	0.5680477023124695	-0.7567836046218872	-0.3234197497367859
4.231418609619141	5.435912609100342	-0.3414972424507141	0.5416580438613892	0.34858009219169617	1.0	9	0.0	0	0.0	0	0.6897574067115784	-0.513199508190155	-0.5107454657554626	0.7099121809005737	0.6180328726768494	0.33772796392440796	0.1423356682062149	-0.5955348014831543	0.7906193733215332
2.2464780807495117	6.2330732345581055	0.08937884867191315	0.687915563583374	0.018253426998853683	1.0	8	0.0	0	0.0	0	0.1627587080001831	0.7079868912696838	0.6872147917747498	-0.9863834977149963	0.13341957330703735	0.09616083651781082	-0.023607287555933	-0.6935082674026489	0.7200617790222168
3.4880006313323975	5.746311664581299	0.028576239943504333	0.6054635643959045	0.05091448128223419	1.0	8	0.0	0	0.0	0	-0.10920088738203049	-0.49286094307899475	0.8632284998893738	-0.9937318563461304	0.07502973079681396	-0.08287165313959122	-0.0239235982298851	-0.866867184638977	-0.49796488881111145
3.581979751586914	5.952197074890137	-0.01988408714532852	0.5985289216041565	0.03482603654265404	1.0	8	0.0	0	0.0	0	-0.027848973870277405	0.8931251764297485	0.4489453434944153	-0.9268775582313538	0.14511199295520782	-0.34617969393730164	-0.37432917952537537	-0.42575812339782715	0.8237764835357666
2.3418147563934326	5.686344146728516	-0.41790077090263367	0.4333665668964386	0.7060056924819946	1.0	8	0.0	0	0.0	0	-0.003465638728812337	-0.7922057509422302	-0.6102442741394043	-0.11777082085609436	-0.6056777238845825	0.7869464159011841	-0.993034839630127	0.07459624111652374	-0.09119965881109238
3.4880006313323975	5.746311664581299	0.028576239943504333	0.4602065980434418	0.6164761185646057	1.0	8	0.0	0	0.0	0	-0.10920088738203049	-0.49286094307899475	0.8632284998893738	-0.014995893463492393	0.8691398501396179	0.4943390190601349	-0.993906557559967	0.04103736951947212	-0.1023017168045044
2.311079740524292	5.726233959197998	0.1050378829240799	0.47323641180992126	0.7050475478172302	1.0	8	0.0	0	0.0	0	0.006601289380341768	-0.674187183380127	0.7385309934616089	-0.12070458382368088	0.7326098084449768	0.6698606610298157	-0.9926666021347046	-0.09356602281332016	-0.07654131948947906
2.3418147563934326	5.686344146728516	-0.41790077090263367	0.4301832914352417	0.2569868564605713	1.0	8	0.0	0	0.0	0	-0.003465638728812337	-0.7922057509422302	-0.6102442741394043	0.9324694871902466	0.21788224577903748	-0.2881455421447754	0.3612319529056549	-0.5700327754020691	0.7379526495933533
3.6348395347595215	5.9925336837768555	-0.4208585321903229	0.5252025723457336	0.2885635495185852	0.9732189733690354	8	0.026781026630964586	9	0.0	0	0.39237895607948303	0.6678996682167053	-0.6324151158332825	0.7938866019248962	0.10131760686635971	0.5995656251907349	0.46452441811561584	-0.7373227477073669	-0.4904816448688507
3.4793660640716553	5.524255752563477	-0.3852868676185608	0.496736079454422	0.3127778172492981	0.9547547600974005	8	0.045245239902599564	9	0.0	0	0.48997387290000916	-0.7963858842849731	-0.35453513264656067	0.8482826352119446	0.5292841196060181	-0.01657947152853012	0.20085346698760986	-0.29262247681617737	0.9348956942558289
4.231418609619141	5.435912609100342	-0.3414972424507141	0.5416580438613892	0.07056409120559692	1.0	9	0.0	0	0.0	0	0.6897574067115784	-0.513199508190155	-0.5107454657554626	0.333482950925827	-0.40095219016075134	0.8532447218894958	-0.6426693201065063	-0.7588567733764648	-0.1054164469242096
4.066782474517822	5.762206077575684	0.013013578951358795	0.5687670111656189	0.047801144421100616	1.0	9	0.0	0	0.0	0	0.6476616263389587	0.5282717943191528	0.549056887626648	-0.6894987225532532	0.09970897436141968	0.7173908948898315	0.32423144578933716	-0.8432005643844604	0.4288203716278076
3.9950754642486572	5.4022955894470215	0.08788260817527771	0.574691116809845	0.07559052109718323	1.0	9	0.0	0	0.0	0	0.04132447391748428	-0.7886183857917786	0.6134928464889526	-0.8428986072540283	0.3021751642227173	0.4452102482318878	-0.5364832282066345	-0.5355103611946106	-0.6522380709648132
3.660475492477417	5.9503912925720215	0.05262530595064163	0.9856125712394714	0.46423378586769104	0.9713803088431381	9	0.02861969115686187	8	0.0	0	0.017844604328274727	0.7336753010749817	0.6792658567428589	-0.07168089598417282	-0.6766870617866516	0.7327731251716614	0.9972679615020752	-0.061766430735588074	0.040515292435884476
4.0141282081604	5.762099742889404	-0.27214348316192627	0.960296094417572	0.49020397663116455	1.0	9	0.0	0	0.0	0	0.5262550711631775	0.6361473202705383	-0.5642447471618652	0.2886667847633362	0.4905030131340027	0.822239875793457	0.7998294830322266	-0.5955865979194641	0.07449508458375931
3.743699073791504	5.894464015960693	-0.38777419924736023	0.9520627856254578	0.46937137842178345	0.9195502874844504	9	0.08044971251554954	8	0.0	0	0.5599368810653687	0.40012580156326294	-0.7255136966705322	0.6090738773345947	0.3948548138141632	0.6878362894058228	0.561693549156189	-0.8270363211631775	-0.022612394765019417
3.6896915435791016	5.67913818359375	0.04420020803809166	0.5932233333587646	0.055421411991119385	0.9798800378650221	9	0.020119962134977916	8	0.0	0	-0.23089902102947235	-0.566769540309906	0.7908589839935303	-0.9717880487442017	0.17452003061771393	-0.1586531698703766	-0.04810095578432083	-0.8051801323890686	-0.5910763740539551
3.660475492477417	5.9503912925720215	0.05262530595064163	0.5967397093772888	0.035003844648599625	0.9713803088431381	9	0.02861969115686187	8	0.0	0	0.017844604328274727	0.7336753010749817	0.6792658567428589	-0.9751214385032654	0.16290350258350372	-0.15033531188964844	-0.2209520936012268	-0.6596840023994446	0.7183294892311096
3.6896915435791016	5.67913818359375	0.04420020803809166	0.4597601890563965	0.6011496186256409	0.9798800378650221	9	0.020119962134977916	8	0.0	0	-0.23089902102947235	-0.566769540309906	0.7908589839935303	0.12423399090766907	0.7889965176582336	0.6017062067985535	-0.9650137424468994	0.23718494176864624	-0.11176648736000061
4.231418609619141	5.435912609100342	-0.3414972424507141	0.42594975233078003	0.5626825094223022	1.0	9	0.0	0	0.0	0	0.6897574067115784	-0.513199508190155	-0.5107454657554626	0.3877260982990265	-0.3339346945285797	0.8591601252555847	-0.6114761829376221	-0.7906414270401001	-0.03135308623313904
3.9950754642486572	5.4022955894470215	0.08788260817527771	0.4596497714519501	0.5778967142105103	1.0	9	0.0	0	0.0	0	0.04132447391748428	-0.7886183857917786	0.6134928464889526	-0.23326027393341064	0.5894349217414856	0.7734055519104004	-0.9715359210968018	-0.1750640869140625	-0.15959523618221283
0.7230664491653442	5.839756965637207	-0.698411226272583	0.42316147685050964	0.8301552534103394	0.9068114721158154	7	0.05692588364388252	6	0.03626264424030209	3	0.3695265054702759	-0.3125669062137604	-0.8750726580619812	0.550874650478363	-0.6847065091133118	0.4771939814090729	-0.7483229637145996	-0.6583911776542664	-0.08083203434944153
0.6420814990997314	5.800133228302002	0.2855680584907532	0.49770763516426086	0.8301552534103394	0.6851426749500936	6	0.23896756841934583	7	0.07588975663056052	2	0.6147539615631104	-0.21123312413692474	0.7599067091941833	-0.7455957531929016	0.15857602655887604	0.6472562551498413	-0.2572249472141266	-0.9644865989685059	-0.06000927835702896
1.0673117637634277	6.5218305587768555	0.0531160868704319	0.761333703994751	-1.3547761135157543e-08	0.9744745226805075	7	0.017203765729861677	8	0.008321711589630798	6	-0.28806570172309875	0.8543011546134949	0.43265193700790405	-0.9363811016082764	-0.3458976447582245	0.05954328551888466	0.20052117109298706	-0.38797467947006226	0.8995926380157471
2.311079740524292	5.726233959197998	0.1050378829240799	0.682070255279541	0.056498169898986816	1.0	8	0.0	0	0.0	0	0.006601289380341768	-0.674187183380127	0.7385309934616089	-0.9982467889785767	0.0389990508556366	0.044524021446704865	-0.05881953984498978	-0.7375301718711853	-0.672747790813446
1.1965080499649048	6.446023464202881	-0.5901286602020264	0.9427571296691895	0.2755560874938965	0.9434058702317784	7	0.05659412976822167	8	0.0	0	-0.12156745791435242	0.7281728982925415	-0.6745262145996094	-0.13893315196037292	0.6603933572769165	0.7379554510116577	0.982811689376831	0.1834254115819931	0.02088501863181591
2.2464780807495117	6.2330732345581055	0.08937884867191315	0.9917884469032288	0.3570432960987091	1.0	8	0.0	0	0.0	0	0.1627587080001831	0.7079868912696838	0.6872147917747498	-0.22438186407089233	-0.6516929268836975	0.7245337963104248	0.9608133435249329	-0.27212271094322205	0.05279070883989334
0.8237462043762207	0.009357616305351257	-0.39767688512802124	0.509905993938446	0.669904351234436	0.7681830249055549	16	0.23181697509444507	15	0.0	0	0.5380524396896362	-0.6245194673538208	-0.56610506772995	-0.8428247570991516	-0.408236563205719	-0.35069844126701355	-0.012086793780326843	0.6658215522766113	-0.7460131645202637
0.438656210899353	-0.044304847717285156	0.10619615018367767	0.5376265048980713	0.6309204697608948	1.0	16	0.0	0	0.0	0	-0.627312421798706	-0.7776308059692383	-0.0420660674571991	-0.7780225276947021	0.6281596422195435	-0.009821773506700993	0.034061919897794724	0.02656702697277069	-0.9990665912628174
0.44645267724990845	-0.014485672116279602	-0.4305972754955292	0.5386286973953247	0.671396791934967	0.7694716722768046	16	0.2305283277231954	15	0.0	0	-0.5247050523757935	-0.6836093068122864	-0.50730961561203	-0.851199746131897	0.4129192531108856	0.32397034764289856	-0.011991232633590698	0.6018106341362	-0.7985488176345825
0.8237462043762207	0.009357616305351257	-0.39767688512802124	0.10544663667678833	0.5626825094223022	0.7681830249055549	16	0.23181697509444507	15	0.0	0	0.5380524396896362	-0.6245194673538208	-0.56610506772995	0.8013848066329956	0.5872102975845337	0.11387072503566742	0.2613082528114319	-0.5149364471435547	0.8164303302764893
0.44645267724990845	-0.014485672116279602	-0.4305972754955292	0.08009281754493713	0.5490493178367615	0.7694716722768046	16	0.2305283277231954	15	0.0	0	-0.5247050523757935	-0.6836093068122864	-0.50730961561203	0.6946585774421692	0.0006392400246113539	-0.7193393111228943	0.49207133054733276	-0.7298479080200195	0.4745396375656128
0.38556069135665894	0.2955152988433838	0.2969650626182556	0.34228166937828064	0.8663369417190552	0.9510424477997511	16	0.04895755220024888	15	0.0	0	-0.8872745633125305	0.36750805377960205	0.27871429920196533	-0.4608147144317627	-0.7323009371757507	-0.5013833045959473	0.019840329885482788	-0.573300302028656	0.8191051483154297
0.9161979556083679	0.20175863802433014	0.7840574383735657	0.30213695764541626	0.9035888910293579	1.0	16	0.0	0	0.0	0	0.6384953260421753	0.5729871392250061	0.5138185024261475	-0.7695615291595459	0.46670281887054443	0.4358479082584381	0.009934707544744015	-0.673701822757721	0.7389364838600159
0.9073377251625061	0.32189249992370605	0.2955193519592285	0.3026714324951172	0.8663369417190552	0.9381882565627754	16	0.06181174343722466	15	0.0	0	0.7644402384757996	0.5925605297088623	0.25397470593452454	-0.6442579627037048	0.6876509785652161	0.33476534485816956	0.02372276782989502	-0.41953331232070923	0.9074299335479736
0.4212188124656677	0.29068630933761597	-0.5408974885940552	0.11606433987617493	0.8302075862884521	0.5871471004278875	15	0.41285289957211246	16	0.0	0	-0.5920931696891785	0.023070156574249268	-0.8055391907691956	0.785232424736023	-0.20824934542179108	-0.5831313133239746	-0.18120595812797546	-0.9778037071228027	0.10518759489059448
0.438656210899353	-0.044304847717285156	0.10619615018367767	0.07009005546569824	0.8606986999511719	1.0	16	0.0	0	0.0	0	-0.627312421798706	-0.7776308059692383	-0.0420660674571991	0.11695496737957001	-0.04066837951540947	-0.9923041462898254	0.7699354887008667	-0.6274045705795288	0.11645956337451935
0.9161979556083679	0.20175863802433014	0.7840574383735657	0.7711477875709534	0.4821022152900696	1.0	16	0.0	0	0.0	0	0.6384953260421753	0.5729871392250061	0.5138185024261475	-0.6151958703994751	-0.02117921970784664	0.7880898118019104	0.4624476134777069	-0.8192906379699707	0.33897650241851807
0.3900826573371887	-0.03427671268582344	1.0054458379745483	0.8123244047164917	0.502548336982727	1.0	16	0.0	0	0.0	0	-0.42634931206703186	-0.59824138879776	0.6784788370132446	-0.8387733101844788	0.5422779321670532	-0.04892896115779877	-0.33865275979042053	-0.5899507999420166	-0.732988715171814
0.9383550882339478	-0.0020840056240558624	0.7790008187294006	0.7685474753379822	0.49745020270347595	1.0	16	0.0	0	0.0	0	0.7089619040489197	-0.5431223511695862	0.44987910985946655	-0.5188012719154358	0.030462343245744705	0.8543519973754883	-0.47772201895713806	-0.8391008973121643	-0.2601759135723114
0.9383550882339478	-0.0020840056240558624	0.7790008187294006	0.49770766496658325	0.5812797546386719	1.0	16	0.0	0	0.0	0	0.7089619040489197	-0.5431223511695862	0.44987910985946655	-0.7023060917854309	-0.6018995642662048	0.38010942935943604	0.0643361359834671	-0.5854358673095703	-0.8081619143486023
0.3900826573371887	-0.03427671268582344	1.0054458379745483	0.5386286973953247	0.5626826286315918	1.0	16	0.0	0	0.0	0	-0.42634931206703186	-0.59824138879776	0.6784788370132446	-0.9016610980033875	0.2210807055234909	-0.37165921926498413	0.07234334945678711	-0.7702146768569946	-0.6336686015129089
0.3900826573371887	-0.03427671268582344	1.0054458379745483	0.002121350262314081	0.8677217364311218	1.0	16	0.0	0	0.0	0	-0.42634931206703186	-0.59824138879776	0.6784788370132446	-0.27002304792404175	-0.6316948533058167	-0.7266699075698853	0.8633156418800354	-0.4930201768875122	0.10778370499610901
0.3679254651069641	0.16956593096256256	1.0105024576187134	-7.931786782933159e-09	0.8525586724281311	1.0	16	0.0	0	0.0	0	-0.5228442549705505	0.45977145433425903	0.7178050875663757	-0.5904746055603027	0.4119817018508911	-0.6939818859100342	-0.6147956252098083	-0.7866901159286499	0.056081101298332214
0.8483123779296875	1.6317325830459595	-0.10914404690265656	0.17428098618984222	0.4608037769794464	0.8367328256637019	15	0.16326717433629812	14	0.0	0	0.8627952933311462	0.009894545190036297	-0.5054565668106079	0.4092656373977661	0.5732823610305786	0.7098231911659241	0.2967926859855652	-0.8192981481552124	0.4905758202075958
0.1832217276096344	6.896059989929199	-0.1002960130572319	0.4091149866580963	0.9065850377082825	0.787060762415264	4	0.14017143478664296	5	0.07276780279809306	3	0.873945415019989	-0.40710583329200745	0.2654886245727539	0.22336550056934357	-0.14871366322040558	-0.9633235335350037	0.4316564202308655	0.9011932015419006	-0.03903423622250557
0.0	6.743889808654785	0.22237402200698853	0.38550692796707153	0.8926759958267212	0.5143416184802029	5	0.4856583815197971	4	0.0	0	2.725391254898568e-07	-0.8794834017753601	0.4759295880794525	0.12466380000114441	-0.3290978968143463	-0.9360308051109314	0.9920035004615784	0.06006729602813721	0.1109994500875473
0.0	6.700214385986328	0.13012804090976715	0.39272841811180115	0.8926759958267212	0.847363907889863	4	0.07734889022428636	5	0.07528720188585064	3	4.067612451308378e-07	-0.03614821285009384	0.9993464350700378	0.5500196218490601	-0.550869882106781	-0.6277107000350952	0.7215462327003479	0.691913902759552	0.02502751536667347
0.0	6.536674499511719	-0.4755568504333496	0.7431590557098389	0.8104937672615051	0.9654509728802728	3	0.03454902711972723	4	0.0	0	-2.1561886498489002e-08	0.7670671939849854	-0.641566812992096	0.10080724954605103	0.608443558216095	0.787168562412262	0.9948984384536743	-0.06472206115722656	-0.07738272845745087
0.0	6.244202613830566	0.5832098126411438	0.823749303817749	0.8159286379814148	0.7006689104483166	6	0.24949850105997526	3	0.04983258849170822	7	-1.622570966475223e-09	0.5412276983261108	0.840876042842865	-0.2667994201183319	-0.7796104550361633	0.5665913820266724	0.9636421203613281	-0.22467899322509766	0.1446140557527542
0.0	6.255772113800049	0.26887091994285583	0.799928605556488	0.8143221735954285	0.7520353752183314	3	0.16878619926809343	6	0.07917842551357518	4	0.0	0.9205182790756226	0.39069950580596924	0.057767339050769806	-0.36723411083221436	0.9283329248428345	0.9983290433883667	0.022576531395316124	-0.053192056715488434
0.34613895416259766	7.021804332733154	-0.2832125127315521	0.4752955436706543	0.8916279077529907	0.813075668788689	5	0.186924331211311	4	0.0	0	0.8621906042098999	-0.33234429359436035	-0.38232818245887756	0.3855690062046051	-0.05900527164340019	0.9207903742790222	-0.32857879996299744	-0.9413106441497803	0.07726786285638809
0.35458993911743164	7.206281661987305	-0.016250314190983772	0.48752832412719727	0.879061222076416	0.9572455453435393	5	0.04275445465646067	4	0.0	0	0.9772912859916687	0.02666635811328888	0.2102157473564148	-0.21172568202018738	0.0826105996966362	0.9738314747810364	0.008602488785982132	-0.996225118637085	0.08638057112693787
0.34696027636528015	6.971390724182129	0.06958390772342682	0.4899969696998596	0.89730304479599	0.7973978513473798	5	0.20260214865262022	4	0.0	0	0.8374649882316589	-0.41588786244392395	0.3545275032520294	-0.39146655797958374	-0.0038686194457113743	0.9201841950416565	-0.38132190704345703	-0.9094077348709106	-0.16604602336883545
0.26351988315582275	6.878473281860352	-0.2571488916873932	0.4691691994667053	0.8905948400497437	0.7246687493676762	4	0.16843404354961367	5	0.1068972070827101	3	0.9455244541168213	-0.21045435965061188	-0.24837979674339294	0.2864014506340027	0.17498943209648132	0.9419941306114197	-0.15478293597698212	-0.961814820766449	0.22573122382164001
0.0	7.050722599029541	-0.5338566303253174	0.4468757212162018	0.8769652247428894	0.8484391442009195	5	0.1515608557990805	4	0.0	0	-1.234996176435743e-07	-0.2644428014755249	-0.964401364326477	0.8231945037841797	0.018340038135647774	0.5674631595611572	-0.15876612067222595	-0.9521690607070923	0.26108866930007935
0.34613895416259766	7.021804332733154	-0.2832125127315521	0.4752956032752991	0.8797635436058044	0.813075668788689	5	0.186924331211311	4	0.0	0	0.8621906042098999	-0.33234429359436035	-0.38232818245887756	0.4624480903148651	0.20825296640396118	0.8618424534797668	-0.2068074345588684	-0.9198793172836304	0.3332456946372986
0.34613895416259766	7.021804332733154	-0.2832125127315521	0.4222841262817383	0.9189527034759521	0.813075668788689	5	0.186924331211311	4	0.0	0	0.8621906042098999	-0.33234429359436035	-0.38232818245887756	-0.44600966572761536	-0.14012813568115234	-0.8839907646179199	0.24021431803703308	0.9326905012130737	-0.269045889377594
0.34696027636528015	6.971390724182129	0.06958390772342682	0.3958435356616974	0.9190150499343872	0.7973978513473798	5	0.20260214865262022	4	0.0	0	0.8374649882316589	-0.41588786244392395	0.3545275032520294	0.37419623136520386	-0.03640711307525635	-0.9266346096992493	0.3982834219932556	0.9086868762969971	0.12513399124145508
0.6400706768035889	4.470269680023193	-0.4463959038257599	0.27226722240448	0.267636239528656	0.6921957826807558	1	0.20215161974040022	2	0.10565259757884399	14	0.7496224641799927	0.11576647311449051	-0.6516627669334412	0.49816396832466125	0.5495663285255432	0.6706783771514893	0.4357739984989166	-0.8273905515670776	0.35429656505584717
0.0	4.7195234298706055	0.46529528498649597	0.8367818593978882	0.1415693759918213	0.9801910289421308	2	0.01980897105786919	1	0.0	0	2.4028676826048923e-09	-0.007728655356913805	0.9999701380729675	-0.9765366911888123	0.05227570980787277	0.20890988409519196	-0.05509969964623451	-0.9984510540962219	-0.007716914638876915
0.0	7.358295917510986	-0.5681562423706055	0.44687652587890625	0.8535820245742798	1.0	5	0.0	0	0.0	0	-1.2396357362831623e-07	0.01417271327227354	-0.9998995065689087	0.8278085589408875	0.018441641703248024	0.5607074499130249	0.03185898810625076	-0.9993919730186462	-0.014165523461997509
0.24257206916809082	7.667269706726074	-0.34584999084472656	0.4675867557525635	0.8306063413619995	1.0	5	0.0	0	0.0	0	0.6855953931808472	0.5754910111427307	-0.44583529233932495	0.6322224736213684	-0.16707129776477814	0.7565591931343079	0.36090677976608276	-0.8005605936050415	-0.4783816337585449
0.3248363733291626	7.342379570007324	-0.36780375242233276	0.47322773933410645	0.8553171753883362	0.9737948841133268	5	0.026205115886673208	4	0.0	0	0.8371290564537048	0.06369074434041977	-0.5432850122451782	0.5448192954063416	-0.00836943183094263	0.8385117650032043	0.04885844886302948	-0.9979345798492432	-0.04170623794198036
0.2335273027420044	7.121499061584473	0.17149142920970917	0.5025008320808411	0.8870740532875061	0.8928759990343935	5	0.10712400096560645	4	0.0	0	0.7349674701690674	-0.0621231384575367	0.6752507090568542	-0.6689705848693848	0.09644681215286255	0.7370050549507141	-0.11091084778308868	-0.99339759349823	0.02932671085000038
0.24257206916809082	7.667269706726074	-0.34584999084472656	0.2433033436536789	0.8663370013237	1.0	5	0.0	0	0.0	0	0.6855953931808472	0.5754910111427307	-0.44583529233932495	-0.6249962449073792	0.1512814313173294	-0.7658287286758423	-0.37328091263771057	0.803693950176239	0.4633975327014923
0.0	7.876672744750977	-0.024293463677167892	0.23722417652606964	0.8960604667663574	1.0	5	0.0	0	0.0	0	-2.6797721375260153e-07	0.9863969087600708	0.16438108682632446	-0.49715712666511536	0.48276570439338684	-0.7209522128105164	-0.8465063571929932	-0.08751317858695984	0.5251364707946777
0.33521413803100586	7.585991382598877	0.016432682052254677	0.2178661823272705	0.8791758418083191	1.0	5	0.0	0	0.0	0	0.8594159483909607	0.42384180426597595	0.2859412431716919	-0.19483034312725067	0.7885589599609375	-0.5832803845405579	-0.4727000594139099	0.4455704092979431	0.760277271270752
0.3248363733291626	7.342379570007324	-0.36780375242233276	0.4752955436706543	0.8670645356178284	0.9737948841133268	5	0.026205115886673208	4	0.0	0	0.8371290564537048	0.06369074434041977	-0.5432850122451782	0.5359433889389038	0.10323212295770645	0.837918758392334	0.10945212095975876	-0.9926160573959351	0.05228396877646446
0.33521413803100586	7.585991382598877	0.016432682052254677	0.4928562641143799	0.8506415486335754	1.0	5	0.0	0	0.0	0	0.8594159483909607	0.42384180426597595	0.2859412431716919	-0.368064820766449	0.12470359355211258	0.9213996529579163	0.3548697829246521	-0.8971104621887207	0.26317352056503296
0.0	7.876672744750977	-0.024293463677167892	0.5140650868415833	0.8301551342010498	1.0	5	0.0	0	0.0	0	-2.6797721375260153e-07	0.9863969087600708	0.16438108682632446	-0.5632922649383545	0.28139564394950867	0.7768645286560059	0.7876206040382385	-0.10128491371870041	0.607778787612915
