179	146	13
0.8366779685020447	6.366886138916016	0.23161478340625763	0.6448206305503845	0.7834606766700745	0.4696912636478032	4	0.4696912636478032	1	0.060617472704393556	2	0.51998370885849	0.5955817103385925	0.6122903227806091	-0.8336740136146545	0.5099702477455139	0.21193863451480865	-0.1860230714082718	-0.6206551790237427	0.7616971731185913
0.24194347858428955	6.539704322814941	-0.20482122898101807	0.741010308265686	0.7224440574645996	0.40382204737543614	0	0.3894328346761089	4	0.20674511794845493	1	0.6288579106330872	0.6917228698730469	-0.3550454080104828	-0.7768189907073975	0.5783491134643555	-0.24912729859352112	0.03301314637064934	0.43247169256210327	0.9010429382324219
0.2413618564605713	6.531951427459717	0.021542340517044067	0.7390328645706177	0.7565032839775085	0.4116203233491899	0	0.3982372768731557	4	0.19014239977765443	1	0.3592625558376312	0.8355728387832642	0.41563019156455994	-0.9253758192062378	0.37663960456848145	0.04268955811858177	-0.12087252736091614	-0.3999508321285248	0.9085313081741333
0.6993400454521179	5.717940330505371	0.29015785455703735	0.3360016644001007	0.10445547103881836	0.3501641567717572	4	0.3501641567717572	1	0.29967168645648556	2	0.46414753794670105	-0.05100347474217415	0.8842881917953491	-0.885381817817688	0.002373647876083851	0.4648585021495819	-0.025808386504650116	-0.9986956715583801	-0.04405583068728447
0.0	6.411138534545898	0.48078078031539917	0.44469380378723145	7.630561071891862e-09	0.5049361371934659	0	0.4117357916497734	4	0.08332807115676068	1	0.268151193857193	0.5722053050994873	0.7750329375267029	-0.943645715713501	-0.005979232024401426	0.33090341091156006	0.19397878646850586	-0.8200886249542236	0.5383557081222534
0.0	5.651983737945557	0.5859134793281555	0.44844019412994385	0.11490820348262787	0.7633369495663289	0	0.14027060304284594	2	0.09639244739082517	4	0.3851756751537323	0.04839063808321953	0.9215737581253052	-0.9227280616760254	0.004412324633449316	0.3854263424873352	0.014584743417799473	-0.9988188147544861	0.04635091498494148
0.5747841596603394	4.624732494354248	0.32489636540412903	0.3560057282447815	0.2689734399318695	0.8403888280563325	0	0.14845632230059483	10	0.011154849643072623	2	0.734076738357544	0.19229328632354736	0.6512715220451355	-0.6766015887260437	0.125472292304039	0.7255805134773254	0.05780773609876633	-0.9732831716537476	0.22221224009990692
0.0	4.169459819793701	0.5886027216911316	0.4492819607257843	0.3380548655986786	0.8825314876762937	10	0.11746851232370627	0	0.0	0	-0.27986782789230347	0.08532585948705673	0.9562392830848694	-0.9596274495124817	-0.0540107898414135	-0.27604004740715027	0.02809388004243374	-0.9948880672454834	0.09699690341949463
0.7572429180145264	4.330295085906982	0.35399413108825684	0.3302246332168579	0.31380829215049744	0.9046663087346174	10	0.07846261575676772	0	0.01687107550861491	12	0.7917808294296265	0.2855832874774933	0.5399309992790222	-0.6031275391578674	0.2258271425962448	0.7650094628334045	0.0965428352355957	-0.9313669204711914	0.35104867815971375
0.8366779685020447	6.366886138916016	0.23161478340625763	0.3135817050933838	0.006678582634776831	0.4696912636478032	4	0.4696912636478032	1	0.060617472704393556	2	0.51998370885849	0.5955817103385925	0.6122903227806091	-0.781728982925415	0.04290898144245148	0.6221403479576111	0.34426265954971313	-0.8021479249000549	0.4878954291343689
1.1217328310012817	5.88899564743042	0.00576356053352356	0.2646437883377075	0.07773885130882263	0.33639731594609823	4	0.33639731594609823	1	0.3272053681078036	2	0.8589117527008057	0.21227091550827026	0.4660598933696747	-0.49464529752731323	0.10813415795564651	0.8623416423797607	0.13265302777290344	-0.9712095856666565	0.1978764832019806
0.9389519691467285	6.352756977081299	-0.005854681134223938	0.29094451665878296	0.007527044974267483	0.404057302521011	4	0.404057302521011	1	0.19188539495797793	2	0.6405829787254333	0.7550833821296692	0.13965098559856415	-0.3285990357398987	0.10517951846122742	0.9385946989059448	0.6940288543701172	-0.6471369862556458	0.31549587845802307
0.0	6.416853904724121	-0.729232907295227	0.007056000176817179	-3.058583075699062e-08	0.38416036615191557	0	0.33453449886385683	1	0.2813051349842276	4	0.19368837773799896	0.5933298468589783	-0.7813094854354858	0.9710218906402588	-0.0022897126618772745	0.23897968232631683	0.14000479876995087	-0.8049562573432922	-0.576579749584198
0.7112076282501221	5.700046062469482	-0.6091099381446838	0.11356993764638901	0.1094571128487587	0.35459032367865445	4	0.35459032367865445	1	0.2908193526426911	2	0.3075641989707947	-0.1339217871427536	-0.942055881023407	0.9514394998550415	0.0298280231654644	0.30638745427131653	-0.012932289391756058	-0.9905428886413574	0.13659249246120453
0.0	5.664817810058594	-0.8021862506866455	0.0027338590007275343	0.1120138093829155	0.6702082965860383	0	0.21155714051719027	2	0.11823456289677141	1	0.26316019892692566	-0.027413837611675262	-0.964362621307373	0.9646083116531372	0.024736950173974037	0.2625240683555603	0.016658596694469452	-0.9993181228637695	0.03295339643955231
0.8496895432472229	2.2838551998138428	0.5496078133583069	0.32390880584716797	0.6231935620307922	0.33449905060674	11	0.33449905060674	8	0.33100189878652	12	0.785697340965271	-0.02089226245880127	0.6182581782341003	-0.6185733079910278	-0.015488708391785622	0.7855744361877441	-0.006836406886577606	-0.9996617436408997	-0.02509283274412155
0.559574544429779	4.618053913116455	-0.4995673894882202	0.46159622073173523	0.161438450217247	0.8265404311005126	0	0.13402839540616088	10	0.03943117349332652	2	0.7162759900093079	0.2101966291666031	-0.6654067635536194	0.6261088252067566	0.22745195031166077	0.7458239197731018	0.30811774730682373	-0.9508327841758728	0.031312406063079834
0.7572429180145264	4.330295085906982	0.35399413108825684	0.5872360467910767	0.21128840744495392	0.9046663087346174	10	0.07846261575676772	0	0.01687107550861491	12	0.7917808294296265	0.2855832874774933	0.5399309992790222	-0.5200563669204712	-0.1484185755252838	0.8411381244659424	0.3203507363796234	-0.9467915296554565	0.03100442886352539
0.7409623265266418	4.327681064605713	-0.5627328753471375	0.44944965839385986	0.20665320754051208	0.7576348682518083	10	0.21259862699771911	0	0.029766504750472624	12	0.750036358833313	0.233734592795372	-0.6187192797660828	0.5782478451728821	0.22235740721225739	0.784975528717041	0.32105275988578796	-0.9465333223342896	0.0316196084022522
0.559574544429779	4.618053913116455	-0.4995673894882202	0.09124791622161865	0.2731805145740509	0.8265404311005126	0	0.13402839540616088	10	0.03943117349332652	2	0.7162759900093079	0.2101966291666031	-0.6654067635536194	0.6943454146385193	-0.11968410760164261	0.7096197605133057	0.06952106207609177	-0.9703056216239929	-0.2316758930683136
0.0	4.160854816436768	-0.7467695474624634	9.852940685561862e-11	0.338502436876297	0.7506042987966474	0	0.24939570120335267	10	0.0	0	-0.23078104853630066	-0.03431754931807518	-0.9724003076553345	0.9728715419769287	0.008460014127194881	-0.23119141161441803	0.016160443425178528	-0.9993752241134644	0.031434156000614166
0.0	4.713956356048584	-0.6273701190948486	0.0051088230684399605	0.25692835450172424	0.8956030436120018	0	0.06497963333675627	10	0.039417323051241925	2	0.23997491598129272	-0.0018890133360400796	-0.9707772731781006	0.970534086227417	0.022933561354875565	0.23987020552158356	0.0218102615326643	-0.9997352361679077	0.00733683118596673
0.47013819217681885	0.5052115321159363	-0.48258140683174133	0.06660918146371841	0.8908515572547913	0.5	12	0.5	9	0.0	0	-0.5582667589187622	0.189309224486351	-0.8077748417854309	0.8239307403564453	0.24074074625968933	-0.5130126476287842	0.09734629839658737	-0.9519485235214233	-0.2903752624988556
0.8439814448356628	0.3134395480155945	-0.43072041869163513	0.12280303984880447	0.920470118522644	0.5	12	0.5	9	0.0	0	0.7410843372344971	0.11062418669462204	-0.6622358560562134	0.6693737506866455	-0.04493781924247742	0.741565465927124	0.0522756427526474	-0.992845892906189	-0.1073516458272934
0.4212188124656677	0.29068630933761597	-0.5408974885940552	0.05704841762781143	0.9223185181617737	0.5	12	0.5	9	0.0	0	-0.5920931696891785	0.023070156574249268	-0.8055391907691956	0.805186927318573	0.058073170483112335	-0.5901709198951721	0.03316487744450569	-0.998045802116394	-0.05296051502227783
0.0	4.169459819793701	0.5886027216911316	0.6629317402839661	0.00878965388983488	0.8825314876762937	10	0.11746851232370627	0	0.0	0	-0.27986782789230347	0.08532585948705673	0.9562392830848694	-0.9505178332328796	0.11530153453350067	-0.28848135471343994	-0.1348707675933838	-0.9896590113639832	0.04883455112576485
0.2465100884437561	2.246770143508911	-0.3506544232368469	0.8197337985038757	0.29256144165992737	0.3349808420260112	11	0.3349808420260112	8	0.3300383159479776	12	-0.6596689820289612	-0.13881178200244904	-0.7386258244514465	0.7359758615493774	0.07976466417312622	-0.6722924113273621	0.15223835408687592	-0.9871011972427368	0.0495438426733017
0.25814348459243774	2.250790596008301	0.7291566729545593	0.6575465798377991	0.3002050220966339	0.33473586593658994	11	0.33473586593658994	8	0.3305282681268201	12	-0.5399133563041687	-0.13780485093593597	0.8303635120391846	-0.7811944484710693	-0.2852887213230133	-0.5552889108657837	0.3134147822856903	-0.9484831690788269	0.04637880250811577
0.8321282863616943	2.2786335945129395	-0.23303107917308807	0.48855388164520264	0.5170820355415344	0.3347696229202079	11	0.3347696229202079	8	0.3304607541595842	12	0.7987509965896606	-0.013021254912018776	-0.6015208959579468	0.6015538573265076	0.03622545674443245	0.7980104684829712	0.01139927003532648	-0.9992587566375732	0.036768101155757904
0.8321282863616943	2.2786335945129395	-0.23303107917308807	0.13255342841148376	0.6278402209281921	0.3347696229202079	11	0.3347696229202079	8	0.3304607541595842	12	0.7987509965896606	-0.013021254912018776	-0.6015208959579468	0.6015322804450989	0.03802173584699631	0.7979432344436646	0.012480647303164005	-0.9991921186447144	0.03820260241627693
0.2465100884437561	2.246770143508911	-0.3506544232368469	0.04249531775712967	0.6308830976486206	0.3349808420260112	11	0.3349808420260112	8	0.3300383159479776	12	-0.6596689820289612	-0.13881178200244904	-0.7386258244514465	0.7512335777282715	-0.15057973563671112	-0.642630398273468	-0.022017404437065125	-0.9788039326667786	0.20361286401748657
0.8439814448356628	0.3134395480155945	-0.43072041869163513	0.44928207993507385	0.8112766742706299	0.5	12	0.5	9	0.0	0	0.7410843372344971	0.11062418669462204	-0.6622358560562134	0.6503082513809204	0.12708334624767303	0.748965322971344	0.16701282560825348	-0.9857038259506226	0.022239653393626213
0.9604331851005554	-0.01792764663696289	0.10475043952465057	0.5274268388748169	0.8651210069656372	0.5	12	0.5	9	0.0	0	0.7848657369613647	-0.6155382394790649	-0.07140415906906128	0.10402758419513702	0.01728837378323078	0.9944242238998413	-0.6108716130256653	-0.7879173755645752	0.07760199904441833
0.8237462043762207	0.009357616305351257	-0.39767688512802124	0.45292842388153076	0.8568989038467407	0.5	12	0.5	9	0.0	0	0.5380524396896362	-0.6245194673538208	-0.56610506772995	0.5581001043319702	-0.2393583208322525	0.794501006603241	-0.631683349609375	-0.7434265613555908	0.2197570949792862
0.4520891308784485	0.5105435848236084	0.26287680864334106	0.374184250831604	0.8875749111175537	0.5	12	0.5	9	0.0	0	-0.6937645077705383	0.06572317332029343	0.7171968221664429	-0.7200496792793274	-0.08377891033887863	-0.6888465285301208	0.014812789857387543	-0.9943146109580994	0.10544678568840027
0.9073377251625061	0.32189249992370605	0.2955193519592285	0.30830326676368713	0.917018473148346	0.5	12	0.5	9	0.0	0	0.802029550075531	0.5213863253593445	0.2913845181465149	-0.5971081852912903	0.6880618333816528	0.4123503267765045	0.014503255486488342	-0.5047051906585693	0.8631699085235596
0.8356180191040039	0.5301644802093506	0.2511889338493347	0.3173389136791229	0.8852642774581909	0.5	12	0.5	9	0.0	0	0.7409801483154297	0.1322353482246399	0.6583784818649292	-0.6713323593139648	0.12226990610361099	0.7310013175010681	0.01616434007883072	-0.9836482405662537	0.17937344312667847
0.47013819217681885	0.5052115321159363	-0.48258140683174133	0.8537529110908508	0.5550302267074585	0.5	12	0.5	9	0.0	0	-0.5582667589187622	0.189309224486351	-0.8077748417854309	0.7445166707038879	-0.3153192698955536	-0.5884459614753723	-0.36610522866249084	-0.9299116730690002	0.03508839011192322
0.38556069135665894	0.2955152988433838	0.2969650626182556	0.7374263405799866	0.5917311906814575	0.5	12	0.5	9	0.0	0	-0.8872745633125305	0.36750805377960205	0.27871429920196533	-0.2688777446746826	0.07885757088661194	-0.9599407911300659	-0.37476468086242676	-0.926671028137207	0.028846409171819687
0.4520891308784485	0.5105435848236084	0.26287680864334106	0.7415564060211182	0.5597106218338013	0.5	12	0.5	9	0.0	0	-0.6937645077705383	0.06572317332029343	0.7171968221664429	-0.7188367247581482	-0.0019062082283198833	-0.6951763033866882	-0.04432206600904465	-0.9978361129760742	0.04856669157743454
0.8356180191040039	0.5301644802093506	0.2511889338493347	0.5529491305351257	0.7822515368461609	0.5	12	0.5	9	0.0	0	0.7409801483154297	0.1322353482246399	0.6583784818649292	-0.654502809047699	-0.07714714854955673	0.7521133422851562	0.1502479910850525	-0.9882116317749023	0.029383905231952667
0.7890177369117737	0.522373378276825	-0.3994775414466858	0.45536503195762634	0.7794773578643799	0.5	12	0.5	9	0.0	0	0.7340255379676819	0.17807871103286743	-0.6553583741188049	0.6298825740814209	0.1822330206632614	0.7550092935562134	0.25387901067733765	-0.9669949412345886	0.021595008671283722
0.0	5.279068946838379	-0.7449270486831665	0.0032963110134005547	0.17063520848751068	0.8454968790064997	0	0.13109190291166378	2	0.023411218081836518	1	0.2540139853954315	-0.16115571558475494	-0.953680157661438	0.9670338034629822	0.02400965616106987	0.25351351499557495	-0.017957620322704315	-0.9866369366645813	0.16194182634353638
0.613743007183075	5.083521842956543	-0.5503271222114563	0.09910964965820312	0.20269718766212463	0.7804092471240285	0	0.20305736075839045	2	0.01653339211758107	10	0.7697998881340027	-0.1749340295791626	-0.6138454675674438	0.6373563408851624	0.158803790807724	0.7540281414985657	-0.034424178302288055	-0.971688985824585	0.23374243080615997
0.613743007183075	5.083521842956543	-0.5503271222114563	0.45582810044288635	0.0918506309390068	0.7804092471240285	0	0.20305736075839045	2	0.01653339211758107	10	0.7697998881340027	-0.1749340295791626	-0.6138454675674438	0.6084533929824829	-0.08945749700069427	0.788531482219696	-0.19285406172275543	-0.9805077910423279	0.03757483512163162
0.6993400454521179	5.717940330505371	0.29015785455703735	0.584709644317627	0.001946598058566451	0.3501641567717572	4	0.3501641567717572	1	0.29967168645648556	2	0.46414753794670105	-0.05100347474217415	0.8842881917953491	-0.8683425784111023	0.1707954853773117	0.46562880277633667	-0.17478112876415253	-0.9839855432510376	0.03498581424355507
0.6294806599617004	5.089869976043701	0.363514244556427	0.5932021737098694	0.09590405970811844	0.8190183987383092	0	0.16671158322217422	2	0.014270018039516589	10	0.7849544286727905	-0.10007927566766739	0.6114169955253601	-0.5994274020195007	0.12681521475315094	0.7903193831443787	-0.15663155913352966	-0.9868648052215576	0.03955390676856041
0.0	5.27666711807251	0.5776785612106323	0.4483684301376343	0.17134496569633484	0.900298317059949	0	0.07852681513238621	2	0.021174867807664748	10	0.32986611127853394	-0.0650257021188736	0.9417855739593506	-0.9437416195869446	0.0018468137132003903	0.3306787312030792	-0.023241916671395302	-0.9978818297386169	-0.06075825169682503
0.6294806599617004	5.089869976043701	0.363514244556427	0.3489503264427185	0.19930776953697205	0.8190183987383092	0	0.16671158322217422	2	0.014270018039516589	10	0.7849544286727905	-0.10007927566766739	0.6114169955253601	-0.6185553073883057	-0.07059603184461594	0.7825634479522705	-0.03515476733446121	-0.9924718737602234	-0.11731924116611481
0.9651030898094177	6.3609232902526855	-0.4156338572502136	0.8636462688446045	0.4292948246002197	0.4038085464760697	4	0.4038085464760697	1	0.19238290704786068	2	0.6245520114898682	0.7668609023094177	-0.14784817397594452	0.05753377452492714	0.1436181664466858	0.9879594445228577	0.7788611650466919	-0.6255382895469666	0.045576609671115875
1.1217328310012817	5.88899564743042	0.00576356053352356	0.9263011813163757	0.5018917918205261	0.33639731594609823	4	0.33639731594609823	1	0.3272053681078036	2	0.8589117527008057	0.21227091550827026	0.4660598933696747	-0.45502665638923645	-0.10126622021198273	0.8847009539604187	0.2349923998117447	-0.9719497561454773	0.009610176086425781
1.152228832244873	5.870508193969727	-0.40928521752357483	0.8636462688446045	0.5050273537635803	0.3410205854303092	4	0.3410205854303092	1	0.3179588291393816	2	0.8536982536315918	0.1933770477771759	-0.48353344202041626	0.46949636936187744	0.11595261096954346	0.8752875328063965	0.2253274917602539	-0.9742486476898193	0.008198716677725315
0.8472349643707275	6.367619037628174	-0.6148143410682678	0.13543325662612915	0.009224969893693924	0.45598131503568223	4	0.45598131503568223	1	0.0880373699286355	2	0.42511099576950073	0.5867209434509277	-0.6892309188842773	0.8525243401527405	-0.003705377224832773	0.5226745009422302	0.30411019921302795	-0.8097806572914124	-0.5017690062522888
1.152228832244873	5.870508193969727	-0.40928521752357483	0.18508188426494598	0.08654380589723587	0.3410205854303092	4	0.3410205854303092	1	0.3179588291393816	2	0.8536982536315918	0.1933770477771759	-0.48353344202041626	0.503917932510376	-0.07246772199869156	0.8607062101364136	0.13140025734901428	-0.9784445762634277	-0.15931172668933868
0.8472349643707275	6.367619037628174	-0.6148143410682678	0.6502419710159302	0.6561946868896484	0.45598131503568223	4	0.45598131503568223	1	0.0880373699286355	2	0.42511099576950073	0.5867209434509277	-0.6892309188842773	-0.9003183245658875	0.35259494185447693	-0.2551545202732086	0.09331483393907547	0.7289961576461792	0.6781275272369385
0.9389519691467285	6.352756977081299	-0.005854681134223938	0.6312547922134399	0.7469090223312378	0.404057302521011	4	0.404057302521011	1	0.19188539495797793	2	0.6405829787254333	0.7550833821296692	0.13965098559856415	-0.7644091844558716	0.644339919090271	0.022464679554104805	-0.07301999628543854	-0.1211409866809845	0.9899458885192871
0.9651030898094177	6.3609232902526855	-0.4156338572502136	0.6309636831283569	0.6850519776344299	0.4038085464760697	4	0.4038085464760697	1	0.19238290704786068	2	0.6245520114898682	0.7668609023094177	-0.14784817397594452	-0.7790665626525879	0.5984980463981628	-0.18669646978378296	-0.0546833798289299	0.23178523778915405	0.971228837966919
1.4039645195007324	4.77500057220459	-0.036948852241039276	0.9186305403709412	0.6723597645759583	0.5	5	0.5	2	0.0	0	0.7714188694953918	0.0317794531583786	0.6355337500572205	-0.6349069476127625	-0.028263090178370476	0.7720714807510376	0.0424981527030468	-0.9990952014923096	-0.0016256831586360931
1.4462355375289917	3.4097321033477783	-0.37803247570991516	0.8677466511726379	0.8779693245887756	0.5	6	0.5	3	0.0	0	0.7203723788261414	-0.10157512128353119	-0.6861094236373901	0.6748940944671631	-0.1254613846540451	0.7271708250045776	-0.15994270145893097	-0.9868849515914917	-0.021826468408107758
1.4170228242874146	4.761318683624268	-0.3645194470882416	0.8692522048950195	0.6745772361755371	0.5	5	0.5	2	0.0	0	0.7424917817115784	0.013450234197080135	-0.6697201728820801	0.6696635484695435	0.009011305868625641	0.7426099181175232	0.01602333039045334	-0.9998689889907837	-0.002316311001777649
1.1974202394485474	3.3636727333068848	-0.3603009283542633	0.18592748045921326	0.46354836225509644	0.3333333333333333	6	0.3333333333333333	5	0.3333333333333333	3	-0.6609178781509399	-0.14741285145282745	-0.7358376979827881	0.7504218816757202	-0.12016884237527847	-0.6499434113502502	0.007385246455669403	-0.9817479252815247	0.19004356861114502
1.2589924335479736	2.923509120941162	-0.21445395052433014	0.19802874326705933	0.5314605832099915	0.3333333333333333	6	0.3333333333333333	5	0.3333333333333333	3	0.5038837790489197	-0.6865344643592834	-0.5241865515708923	0.8528522849082947	0.49161744117736816	0.17594125866889954	0.13690951466560364	-0.5357076525688171	0.8332304954528809
1.147884488105774	2.880769968032837	-0.1765425205230713	0.18260392546653748	0.5382882356643677	0.3333333333333333	6	0.3333333333333333	5	0.3333333333333333	3	-0.5008292198181152	-0.7577545642852783	-0.41830378770828247	0.8515588641166687	-0.3448406457901001	-0.39488282799720764	0.15497612953186035	-0.553979218006134	0.8179789781570435
0.9379138350486755	4.565730094909668	-0.019420048221945763	0.29157495498657227	0.2764010429382324	0.5	5	0.5	2	0.0	0	-0.6956990361213684	-0.2310417890548706	0.6801636219024658	-0.7180631160736084	0.24965037405490875	-0.6496615409851074	-0.01970413327217102	-0.9403693079948425	-0.3395841121673584
1.4075911045074463	3.3387391567230225	-0.04315512254834175	0.2222977578639984	0.46180012822151184	0.5	6	0.5	3	0.0	0	0.7067974209785461	-0.1394062340259552	0.6935440301895142	-0.7074053883552551	-0.13391061127185822	0.6940068602561951	-0.0038759782910346985	-0.981139063835144	-0.19326439499855042
1.4039645195007324	4.77500057220459	-0.036948852241039276	0.22229774296283722	0.2456645369529724	0.5	5	0.5	2	0.0	0	0.7714188694953918	0.0317794531583786	0.6355337500572205	-0.6362223029136658	0.020330796018242836	0.7712379097938538	0.011588609777390957	-0.9992880821228027	0.03590235114097595
0.9379138350486755	4.565730094909668	-0.019420048221945763	0.9151549935340881	0.17430782318115234	0.5	5	0.5	2	0.0	0	-0.6956990361213684	-0.2310417890548706	0.6801636219024658	-0.6303473711013794	-0.2577158808708191	-0.7322872877120972	0.34447792172431946	-0.9381909370422363	0.033656105399131775
1.1977628469467163	3.372631072998047	-0.36165696382522583	0.9718518853187561	0.35484135150909424	0.5	6	0.5	3	0.0	0	-0.6324306726455688	-0.09559693187475204	-0.7686954140663147	0.765880286693573	0.07145294547080994	-0.639000654220581	0.11601206660270691	-0.9928523898124695	0.028026774525642395
1.1620455980300903	3.299870252609253	-0.02777867391705513	0.9215448498725891	0.36651986837387085	0.5	6	0.5	3	0.0	0	-0.6825098991394043	-0.08778094500303268	0.7255858182907104	-0.7126815319061279	-0.1402052342891693	-0.6873337030410767	0.16206571459770203	-0.986223578453064	0.03313159942626953
0.9530300498008728	4.553185939788818	-0.2928932309150696	0.15525177121162415	0.2856603264808655	0.5	5	0.5	2	0.0	0	-0.7377644181251526	-0.21379302442073822	-0.6403095126152039	0.6746222972869873	-0.19941282272338867	-0.710717499256134	0.024260524660348892	-0.9563090801239014	0.2913492023944855
1.4462355375289917	3.4097321033477783	-0.37803247570991516	0.22229771316051483	0.4565396010875702	0.5	6	0.5	3	0.0	0	0.7203723788261414	-0.10157512128353119	-0.6861094236373901	0.6935354471206665	0.11760660260915756	0.7107582688331604	0.008495637215673923	-0.9878518581390381	0.15516649186611176
1.1977628469467163	3.372631072998047	-0.36165696382522583	0.18596425652503967	0.46218687295913696	0.5	6	0.5	3	0.0	0	-0.6324306726455688	-0.09559693187475204	-0.7686954140663147	0.7745976448059082	-0.07103380560874939	-0.6284526586532593	0.005474787205457687	-0.9928823709487915	0.11897312104701996
1.147884488105774	2.880769968032837	-0.1765425205230713	0.7510704398155212	0.8373256325721741	0.3333333333333333	6	0.3333333333333333	5	0.3333333333333333	3	-0.5008292198181152	-0.7577545642852783	-0.41830378770828247	0.865117073059082	-0.4230264127254486	-0.2694830298423767	0.02724844217300415	-0.4968467354774475	0.86741042137146
1.226829171180725	2.9177818298339844	-0.04040573164820671	0.7672641277313232	0.8551602959632874	0.3333333333333333	6	0.3333333333333333	5	0.3333333333333333	3	0.5956375002861023	-0.5614420175552368	0.574455201625824	0.7273409962654114	0.6804665327072144	-0.0891088992357254	-0.3408680558204651	0.4709014296531677	0.8136712312698364
1.115740180015564	2.8803720474243164	-0.002398904412984848	0.7512012124061584	0.8639944195747375	0.3333333333333333	6	0.3333333333333333	5	0.3333333333333333	3	-0.5147210359573364	-0.595425009727478	0.6168721914291382	0.7651153802871704	0.005648811347782612	0.6438683271408081	-0.3868598937988281	0.8033909797668457	0.45266127586364746
1.4055105447769165	3.331226110458374	-0.04412706568837166	0.9183071851730347	0.8892993330955505	0.3333333333333333	6	0.3333333333333333	5	0.3333333333333333	3	0.6966506838798523	-0.2866342067718506	0.6576615571975708	-0.6207697987556458	0.21867477893829346	0.7528786659240723	-0.359614759683609	-0.93274986743927	-0.025593925267457962
1.2589924335479736	2.923509120941162	-0.21445395052433014	0.8938409686088562	0.9489622712135315	0.3333333333333333	6	0.3333333333333333	5	0.3333333333333333	3	0.5038837790489197	-0.6865344643592834	-0.5241865515708923	0.18981418013572693	-0.5040156841278076	0.842578649520874	-0.8426575064659119	-0.5240597724914551	-0.12365134060382843
1.4440115690231323	3.401254653930664	-0.3767879605293274	0.8679528832435608	0.879218578338623	0.3333333333333333	6	0.3333333333333333	5	0.3333333333333333	3	0.6546863317489624	-0.343790203332901	-0.6731969714164734	0.5760462284088135	-0.34974515438079834	0.7388160228729248	-0.4894450902938843	-0.8714853525161743	-0.030934307724237442
1.1618155241012573	3.292006731033325	-0.028631020337343216	0.25896793603897095	0.4684654772281647	0.3333333333333333	6	0.3333333333333333	5	0.3333333333333333	3	-0.7218396067619324	0.00467660091817379	0.6920445561408997	-0.6919835209846497	-0.019781852141022682	-0.7216421961784363	0.010315091349184513	-0.9997934103012085	0.017515456303954124
1.226829171180725	2.9177818298339844	-0.04040573164820671	0.2492114007472992	0.5248371958732605	0.3333333333333333	6	0.3333333333333333	5	0.3333333333333333	3	0.5956375002861023	-0.5614420175552368	0.574455201625824	-0.7866727113723755	-0.26317575573921204	0.5584663152694702	-0.16236376762390137	-0.784551739692688	-0.59842848777771
1.4055105447769165	3.331226110458374	-0.04412706568837166	0.2225768268108368	0.46292099356651306	0.3333333333333333	6	0.3333333333333333	5	0.3333333333333333	3	0.6966506838798523	-0.2866342067718506	0.6576615571975708	-0.7170737981796265	-0.25012630224227905	0.6505705118179321	-0.021977320313453674	-0.9248122572898865	-0.3797885477542877
1.1618155241012573	3.292006731033325	-0.028631020337343216	0.9216921925544739	0.3676978349685669	0.3333333333333333	6	0.3333333333333333	5	0.3333333333333333	3	-0.7218396067619324	0.00467660091817379	0.6920445561408997	-0.6920056343078613	-0.017450407147407532	-0.7216811180114746	0.00870144460350275	-0.999836802482605	0.015832629054784775
1.147884488105774	2.880769968032837	-0.1765425205230713	0.9449284076690674	0.4289640188217163	0.3333333333333333	6	0.3333333333333333	5	0.3333333333333333	3	-0.5008292198181152	-0.7577545642852783	-0.41830378770828247	0.34252023696899414	0.27032190561294556	-0.8997810482978821	0.7948899865150452	-0.5939142107963562	0.12416118383407593
1.115740180015564	2.8803720474243164	-0.002398904412984848	0.918483316898346	0.4292949438095093	0.3333333333333333	6	0.3333333333333333	5	0.3333333333333333	3	-0.5147210359573364	-0.595425009727478	0.6168721914291382	-0.24513332545757294	-0.5872614979743958	-0.7713842988014221	0.8215668201446533	-0.5482636094093323	0.1563173234462738
1.4170228242874146	4.761318683624268	-0.3645194470882416	0.22229771316051483	0.253762423992157	0.5	5	0.5	2	0.0	0	0.7424917817115784	0.013450234197080135	-0.6697201728820801	0.6698551774024963	-0.014829705469310284	0.7423436641693115	5.294382572174072e-05	-0.9997996091842651	-0.02002064324915409
0.7112076282501221	5.700046062469482	-0.6091099381446838	0.9990529417991638	9.19324421033707e-08	0.35459032367865445	4	0.35459032367865445	1	0.2908193526426911	2	0.3075641989707947	-0.1339217871427536	-0.942055881023407	-0.8783704042434692	0.34073394536972046	-0.33521032333374023	0.36588236689567566	0.9305726885795593	-0.012835362926125526
0.6993400454521179	5.717940330505371	0.29015785455703735	0.8636463284492493	9.439742143513286e-08	0.3501641567717572	4	0.3501641567717572	1	0.29967168645648556	2	0.46414753794670105	-0.05100347474217415	0.8842881917953491	0.8741918802261353	-0.13443124294281006	-0.4666014611721039	0.1426742672920227	0.9896094799041748	-0.017809107899665833
0.8237462043762207	0.009357616305351257	-0.39767688512802124	0.8348435759544373	0.6492888331413269	0.5	12	0.5	9	0.0	0	0.5380524396896362	-0.6245194673538208	-0.56610506772995	0.8428748250007629	0.40487685799598694	0.35445258021354675	0.007840320467948914	-0.6678698658943176	0.7442368268966675
0.438656210899353	-0.044304847717285156	0.10619615018367767	0.7794379591941833	0.7275293469429016	0.5	12	0.5	9	0.0	0	-0.627312421798706	-0.7776308059692383	-0.0420660674571991	0.7777528762817383	-0.628337025642395	0.01711874268949032	-0.039743728935718536	-0.02197820320725441	0.9989681839942932
0.44645267724990845	-0.014485672116279602	-0.4305972754955292	0.7780003547668457	0.6466637849807739	0.5	12	0.5	9	0.0	0	-0.5247050523757935	-0.6836093068122864	-0.50730961561203	0.8512592911720276	-0.41678205132484436	-0.3188267648220062	0.0065154144540429115	-0.5991419553756714	0.8006163835525513
0.8237462043762207	0.009357616305351257	-0.39767688512802124	0.11990207433700562	0.9665217995643616	0.5	12	0.5	9	0.0	0	0.5380524396896362	-0.6245194673538208	-0.56610506772995	0.8340499401092529	0.29732781648635864	0.4647114872932434	-0.12190258502960205	-0.7221990823745728	0.6808584332466125
0.44645267724990845	-0.014485672116279602	-0.4305972754955292	0.06312936544418335	0.9695072770118713	0.5	12	0.5	9	0.0	0	-0.5247050523757935	-0.6836093068122864	-0.50730961561203	0.8474524617195129	-0.4759371280670166	-0.23517674207687378	-0.08067845553159714	-0.5533191561698914	0.8290529251098633
0.38556069135665894	0.2955152988433838	0.2969650626182556	0.85814368724823	0.8631746768951416	0.5	12	0.5	9	0.0	0	-0.8872745633125305	0.36750805377960205	0.27871429920196533	-0.4607897698879242	-0.733012318611145	-0.5003655552864075	0.020412640646100044	-0.5723903775215149	0.8197272419929504
0.9161979556083679	0.20175863802433014	0.7840574383735657	0.7780004143714905	0.937608540058136	0.5	12	0.5	9	0.0	0	0.6384953260421753	0.5729871392250061	0.5138185024261475	-0.7695463299751282	0.46572256088256836	0.43692222237586975	0.011053935624659061	-0.6743798851966858	0.7383018136024475
0.9073377251625061	0.32189249992370605	0.2955193519592285	0.7813395857810974	0.8631746768951416	0.5	12	0.5	9	0.0	0	0.802029550075531	0.5213863253593445	0.2913845181465149	-0.596594512462616	0.6758658289909363	0.432759165763855	0.028697863221168518	-0.5209239721298218	0.8531205058097839
0.4212188124656677	0.29068630933761597	-0.5408974885940552	0.8636462688446045	0.5864209532737732	0.5	12	0.5	9	0.0	0	-0.5920931696891785	0.023070156574249268	-0.8055391907691956	0.7996964454650879	-0.10666640102863312	-0.5908535122871399	-0.09955505281686783	-0.9940271973609924	0.04470732808113098
0.438656210899353	-0.044304847717285156	0.10619615018367767	0.7689377069473267	0.6417762041091919	0.5	12	0.5	9	0.0	0	-0.627312421798706	-0.7776308059692383	-0.0420660674571991	0.079111747443676	-0.009896245785057545	-0.9968166351318359	0.7747390270233154	-0.6286433339118958	0.06772776693105698
0.9161979556083679	0.20175863802433014	0.7840574383735657	0.5651670694351196	0.8675692677497864	0.5	12	0.5	9	0.0	0	0.6384953260421753	0.5729871392250061	0.5138185024261475	-0.47843146324157715	0.818452775478363	-0.318179726600647	-0.6028490662574768	-0.042670682072639465	0.7967133522033691
0.3900826573371887	-0.03427671268582344	1.0054458379745483	0.5343345403671265	0.9541967511177063	0.5	12	0.5	9	0.0	0	-0.42634931206703186	-0.59824138879776	0.6784788370132446	-0.3690832853317261	0.799839973449707	0.47332194447517395	-0.8258352279663086	-0.04861472547054291	-0.5618121027946472
0.9383550882339478	-0.0020840056240558624	0.7790008187294006	0.5343345403671265	0.8660748600959778	0.5	12	0.5	9	0.0	0	0.7089619040489197	-0.5431223511695862	0.44987910985946655	0.43255212903022766	0.838701069355011	0.33087649941444397	-0.5570204854011536	-0.03998265787959099	0.829535722732544
0.9073377251625061	0.32189249992370605	0.2955193519592285	0.5581211447715759	0.8145310282707214	0.5	12	0.5	9	0.0	0	0.802029550075531	0.5213863253593445	0.2913845181465149	-0.25180453062057495	-0.14722095429897308	0.956514835357666	0.5416116118431091	-0.8405250310897827	0.01321188360452652
0.9383550882339478	-0.0020840056240558624	0.7790008187294006	0.6290697455406189	0.866074800491333	0.5	12	0.5	9	0.0	0	0.7089619040489197	-0.5431223511695862	0.44987910985946655	-0.34680500626564026	0.28695836663246155	0.8929620385169983	-0.6140841841697693	-0.7890962958335876	0.015084994956851006
0.9383550882339478	-0.0020840056240558624	0.7790008187294006	0.8588544726371765	0.8257060050964355	0.5	12	0.5	9	0.0	0	0.7089619040489197	-0.5431223511695862	0.44987910985946655	0.7018592953681946	0.6058088541030884	-0.37468549609184265	-0.0690406784415245	0.5813894867897034	0.8106907606124878
0.3900826573371887	-0.03427671268582344	1.0054458379745483	0.7780003547668457	0.8631746172904968	0.5	12	0.5	9	0.0	0	-0.42634931206703186	-0.59824138879776	0.6784788370132446	0.9013307690620422	-0.2176562398672104	0.37447118759155273	-0.07634900510311127	0.7711893916130066	0.6320109367370605
0.3900826573371887	-0.03427671268582344	1.0054458379745483	0.6333524584770203	0.6466637253761292	0.5	12	0.5	9	0.0	0	-0.42634931206703186	-0.59824138879776	0.6784788370132446	-0.31612393260002136	-0.6042271852493286	-0.7314199805259705	0.8475210666656494	-0.5263237953186035	0.06849341839551926
0.3679254651069641	0.16956593096256256	1.0105024576187134	0.6309635639190674	0.6158971190452576	0.5	12	0.5	9	0.0	0	-0.5228442549705505	0.45977145433425903	0.7178050875663757	-0.5426028966903687	0.469936728477478	-0.6962339282035828	-0.657431423664093	-0.7535050511360168	0.0037696068175137043
0.7890177369117737	0.522373378276825	-0.3994775414466858	0.11620628833770752	0.8894574046134949	0.5	12	0.5	9	0.0	0	0.7340255379676819	0.17807871103286743	-0.6553583741188049	0.6754649877548218	-0.0914282351732254	0.7317021489143372	0.07038231194019318	-0.9797596335411072	-0.1873965859413147
0.26329243183135986	6.867911338806152	-0.11981434375047684	0.48542356491088867	0.8802308440208435	0.4091422754708444	0	0.39650427481921474	4	0.19435344970994084	1	0.8125379085540771	-0.3427082300186157	0.4715223014354706	-0.0817267894744873	0.7339452505111694	0.6742737889289856	-0.5771507024765015	-0.5864090323448181	0.5683498978614807
0.0	6.905568599700928	0.04961211979389191	0.5054298639297485	0.9216612577438354	0.39947943562337934	0	0.38610831746890156	4	0.2144122469077191	1	0.34142717719078064	-0.8139218688011169	0.47006237506866455	0.039687708020210266	0.5121535062789917	0.857976496219635	-0.939069926738739	-0.2742808163166046	0.20716582238674164
0.0	6.8605852127075195	-0.08339634537696838	0.48542356491088867	0.9199503064155579	0.40115244971605846	0	0.3861174658303252	4	0.21273008445361635	1	0.14532384276390076	-0.4200124740600586	0.895807147026062	-0.03349005803465843	0.9028118252754211	0.42872974276542664	-0.9888172149658203	-0.09230529516935349	0.11713386327028275
0.0	6.416853904724121	-0.729232907295227	0.7780004739761353	0.6466639041900635	0.38416036615191557	0	0.33453449886385683	1	0.2813051349842276	4	0.19368837773799896	0.5933298468589783	-0.7813094854354858	-0.9797618985176086	0.15798820555210114	-0.12290823459625244	0.050512559711933136	0.789303183555603	0.6119224429130554
0.0	6.411138534545898	0.48078078031539917	0.7678934931755066	0.8284833431243896	0.5049361371934659	0	0.4117357916497734	4	0.08332807115676068	1	0.268151193857193	0.5722053050994873	0.7750329375267029	-0.9561896920204163	0.2561688721179962	0.1417001187801361	-0.11745774745941162	-0.7790756225585938	0.6158287525177002
0.0	6.516733169555664	0.06827680766582489	0.7740196585655212	0.765880823135376	0.39914248189478796	0	0.3758173192883391	4	0.22504019881687293	1	0.06678814440965652	0.7944609522819519	0.6036316752433777	-0.9964512586593628	0.08417049795389175	-0.0005285327788442373	-0.0512278750538826	-0.6014541983604431	0.7972631454467773
0.34613895416259766	7.021804332733154	-0.2832125127315521	0.6428585052490234	0.9267402291297913	0.40387256786471837	0	0.39275065994668074	4	0.20337677218860092	1	0.8123852610588074	-0.2692895829677582	-0.5172170400619507	0.49932771921157837	-0.1368490308523178	0.855537474155426	-0.30116790533065796	-0.9532866477966309	0.023289620876312256
0.3248358964920044	7.323765277862549	-0.062280744314193726	0.6768988370895386	0.8817276954650879	0.3958422702464422	0	0.3858273191006762	4	0.21833041065288164	1	0.9731063842773438	0.1289537400007248	0.19087928533554077	-0.19290725886821747	0.003306485014036298	0.9812113642692566	0.12589974701404572	-0.9916451573371887	0.028093677014112473
0.345977246761322	7.006932258605957	-0.05713614821434021	0.6768476963043213	0.9295688271522522	0.4020179873352667	0	0.3905180892587245	4	0.20746392340600878	1	0.8698692917823792	-0.3524197041988373	0.34514889121055603	-0.330654501914978	0.10265074670314789	0.9381526708602905	-0.3660532832145691	-0.9301952123641968	-0.027236424386501312
0.26351988315582275	6.878473281860352	-0.2571488916873932	0.9692815542221069	0.5686064958572388	0.40716158328640806	0	0.3941924386069317	4	0.1986459781066602	1	0.7254471182823181	-0.31662142276763916	-0.6111279129981995	0.6835683584213257	0.22774353623390198	0.6934458613395691	-0.08037938177585602	-0.9208060503005981	0.38164830207824707
0.0	7.05529260635376	-0.3966580629348755	0.927170991897583	0.5396173596382141	0.39321684722591244	0	0.38134272464714264	4	0.22544042812694493	1	0.2734427750110626	-0.28245043754577637	-0.91948401927948	0.9610229730606079	0.03968210518360138	0.27360621094703674	-0.040793128311634064	-0.958460807800293	0.28229212760925293
0.34613895416259766	7.021804332733154	-0.2832125127315521	0.9814413189888	0.5469754338264465	0.40387256786471837	0	0.39275065994668074	4	0.20337677218860092	1	0.8123852610588074	-0.2692895829677582	-0.5172170400619507	0.5790441632270813	0.2678382396697998	0.770045816898346	-0.0688348039984703	-0.9250653386116028	0.3735183775424957
0.26329243183135986	6.867911338806152	-0.11981434375047684	0.6676692366600037	0.9493929147720337	0.4091422754708444	0	0.39650427481921474	4	0.19435344970994084	1	0.8125379085540771	-0.3427082300186157	0.4715223014354706	-0.42151767015457153	0.2132788747549057	0.8813824653625488	-0.4026227593421936	-0.9149116277694702	0.028839588165283203
0.0	4.7195234298706055	0.46529528498649597	0.44506141543388367	0.25450393557548523	0.852584039033331	0	0.1470375523342912	10	0.0003784086323778191	2	0.2597401440143585	0.009105832315981388	0.9656356573104858	-0.9656718373298645	-0.0012780714314430952	0.25976189970970154	0.0035994998179376125	-0.9999577403068542	0.008461279794573784
0.0	7.37883186340332	-0.4819115400314331	0.9263013601303101	0.4899747669696808	0.39054039218456166	0	0.38096946992573605	4	0.2284901378897023	1	0.36731263995170593	-0.06782498210668564	-0.9276212453842163	0.9299096465110779	0.04682771861553192	0.36479488015174866	0.018696177750825882	-0.9965976476669312	0.08027150481939316
0.24257206916809082	7.667269706726074	-0.34584999084472656	0.9675440192222595	0.44903767108917236	0.388107465805781	0	0.37949859911824113	4	0.23239393507597783	1	0.7400271892547607	0.5342590808868408	-0.4085671603679657	0.6052750945091248	-0.2641449570655823	0.7509124279022217	0.293260782957077	-0.8029910922050476	-0.5188481211662292
0.3248363733291626	7.342379570007324	-0.36780375242233276	0.9774295687675476	0.49773141741752625	0.3979912282993141	0	0.38851760784473754	4	0.21349116385594835	1	0.7958672642707825	0.04861811175942421	-0.6035159230232239	0.6034069657325745	0.018544739112257957	0.797217845916748	0.04995127394795418	-0.9986453056335449	-0.014577357098460197
0.2335273027420044	7.121499061584473	0.17149142920970917	0.7122517824172974	0.9117416143417358	0.3966565127578698	0	0.38554651907941095	4	0.21779696816271923	1	0.6158983707427979	-0.23495712876319885	0.7519736886024475	-0.7547045350074768	0.09788918495178223	0.6487208604812622	-0.22603169083595276	-0.9670640230178833	-0.11703342199325562
